投资总金额：480.00元
股份数：652.47份
当前每股单价：0.77元/份
卖出收益(扣税后)：0.00
基金价值：501.62元
收益率(卖出收益+基金价值/投资总金额,部分扣税)：4.50%
池子:
         date      stock day_delta  fee/%   value  improve/%
0  2022-10-14  23.962802  182 days    0.5  0.6667  15.314234
1  2022-11-15  22.542684  150 days    0.5  0.7087   8.480316
2  2022-11-18  22.855508  147 days    0.5  0.6990   9.985694
3  2022-11-22  23.319223  143 days    0.5  0.6851  12.217195
4  2022-12-01  22.568159  134 days    0.5  0.7079   8.602910
5  2022-12-09  21.706522  126 days    0.5  0.7360   4.456522
6  2022-12-19  22.266202  116 days    0.5  0.7175   7.149826
7  2022-12-21  22.677076  114 days    0.5  0.7045   9.127040
8  2022-12-29  21.936015  106 days    0.5  0.7283   5.560895
9  2022-12-30  22.026748  105 days    0.5  0.7253   5.997518
10 2023-01-06  21.029354   98 days    0.5  0.7597   1.197841
11 2023-01-09  20.963128   95 days    0.5  0.7621   0.879150
12 2023-01-11  21.140664   93 days    0.5  0.7557   1.733492
13 2023-01-13  21.115517   91 days    0.5  0.7566   1.612477
14 2023-01-16  21.062624   88 days    0.5  0.7585   1.357943
15 2023-01-18  20.965879   86 days    0.5  0.7620   0.892388
16 2023-01-20  20.643494   84 days    0.5  0.7739  -0.659000
17 2023-01-30  20.691620   74 days    0.5  0.7721  -0.427406
18 2023-02-01  20.627502   72 days    0.5  0.7745  -0.735959
19 2023-02-08  21.270137   65 days    0.5  0.7511   2.356544
20 2023-02-10  21.332621   63 days    0.5  0.7489   2.657231
21 2023-02-14  21.157463   59 days    0.5  0.7551   1.814329
22 2023-02-15  21.349726   58 days    0.5  0.7483   2.739543
23 2023-02-17  21.860974   56 days    0.5  0.7308   5.199781
24 2023-02-21  21.574612   52 days    0.5  0.7405   3.821742
25 2023-02-22  21.736054   51 days    0.5  0.7350   4.598639
26 2023-02-22  21.736054   51 days    0.5  0.7350   4.598639
27 2023-02-27  22.090708   46 days    0.5  0.7232   6.305310
28 2023-02-28  22.127424   45 days    0.5  0.7220   6.481994
29 2023-03-07  22.136622   38 days    0.5  0.7217   6.526257
按低值出售的池子:
         date      stock day_delta  fee/%   value  improve/%
0  2022-10-14  23.962802  182 days    0.5  0.6667  15.314234
1  2022-11-15  22.542684  150 days    0.5  0.7087   8.480316
2  2022-11-18  22.855508  147 days    0.5  0.6990   9.985694
3  2022-11-22  23.319223  143 days    0.5  0.6851  12.217195
4  2022-12-01  22.568159  134 days    0.5  0.7079   8.602910
5  2022-12-09  21.706522  126 days    0.5  0.7360   4.456522
6  2022-12-19  22.266202  116 days    0.5  0.7175   7.149826
7  2022-12-21  22.677076  114 days    0.5  0.7045   9.127040
8  2022-12-29  21.936015  106 days    0.5  0.7283   5.560895
9  2022-12-30  22.026748  105 days    0.5  0.7253   5.997518
10 2023-01-06  21.029354   98 days    0.5  0.7597   1.197841
11 2023-01-09  20.963128   95 days    0.5  0.7621   0.879150
12 2023-01-11  21.140664   93 days    0.5  0.7557   1.733492
13 2023-01-13  21.115517   91 days    0.5  0.7566   1.612477
14 2023-01-16  21.062624   88 days    0.5  0.7585   1.357943
15 2023-01-18  20.965879   86 days    0.5  0.7620   0.892388
16 2023-01-20  20.643494   84 days    0.5  0.7739  -0.659000
17 2023-01-30  20.691620   74 days    0.5  0.7721  -0.427406
18 2023-02-01  20.627502   72 days    0.5  0.7745  -0.735959
19 2023-02-08  21.270137   65 days    0.5  0.7511   2.356544
20 2023-02-10  21.332621   63 days    0.5  0.7489   2.657231
21 2023-02-14  21.157463   59 days    0.5  0.7551   1.814329
22 2023-02-15  21.349726   58 days    0.5  0.7483   2.739543
23 2023-02-17  21.860974   56 days    0.5  0.7308   5.199781
24 2023-02-21  21.574612   52 days    0.5  0.7405   3.821742
25 2023-02-22  21.736054   51 days    0.5  0.7350   4.598639
26 2023-02-22  21.736054   51 days    0.5  0.7350   4.598639
27 2023-02-27  22.090708   46 days    0.5  0.7232   6.305310
28 2023-02-28  22.127424   45 days    0.5  0.7220   6.481994
29 2023-03-07  22.136622   38 days    0.5  0.7217   6.526257
