投资总金额：431.00元
股份数：266.63份
当前每股单价：1.60元/份
卖出收益(扣税后)：0.00
基金价值：427.70元
收益率(卖出收益+基金价值/投资总金额,部分扣税)：-0.77%
池子:
         date      stock day_delta  fee/%   value  improve/%
0  2022-11-10   7.525437  158 days    0.5  1.5922   0.747394
1  2022-11-14   7.452419  154 days    0.5  1.6078  -0.230128
2  2022-11-17   7.438540  151 days    0.5  1.6108  -0.415942
3  2022-11-25   7.646946  143 days    0.5  1.5669   2.374114
4  2022-11-28   7.687668  140 days    0.5  1.5586   2.919287
5  2022-12-01   7.426092  137 days    0.5  1.6135  -0.582584
6  2022-12-05   7.451956  133 days    0.5  1.6079  -0.236333
7  2022-12-09   7.279023  129 days    0.5  1.6461  -2.551485
8  2022-12-14   7.472870  124 days    0.5  1.6034   0.043657
9  2022-12-19   7.504697  119 days    0.5  1.5966   0.469748
10 2022-12-23   7.710921  115 days    0.5  1.5539   3.230581
11 2022-12-26   7.557714  112 days    0.5  1.5854   1.179513
12 2022-12-29   7.504227  109 days    0.5  1.5967   0.463456
13 2022-12-30   7.522129  108 days    0.5  1.5929   0.703120
14 2023-01-13   7.052384   94 days    0.5  1.6990  -5.585639
15 2023-01-30   6.735245   77 days    0.5  1.7790  -9.831366
16 2023-02-10   6.968305   66 days    0.5  1.7195  -6.711253
17 2023-02-14   6.933225   62 days    0.5  1.7282  -7.180882
18 2023-02-15   6.998014   61 days    0.5  1.7122  -6.313515
19 2023-02-16   7.081560   60 days    0.5  1.6920  -5.195035
20 2023-02-17   7.265341   59 days    0.5  1.6492  -2.734659
21 2023-02-21   7.218072   55 days    0.5  1.6600  -3.367470
22 2023-02-22   7.283891   54 days    0.5  1.6450  -2.486322
23 2023-02-27   7.410477   49 days    0.5  1.6169  -0.791638
24 2023-03-01  17.081933   47 days    0.5  1.6367  -1.991813
25 2023-03-22  65.951969   26 days    0.5  1.5594   2.866487
26 2023-04-17   7.469609    0 days    1.5  1.6041   0.000000
按低值出售的池子:
         date      stock day_delta  fee/%   value  improve/%
0  2022-11-10   7.525437  158 days    0.5  1.5922   0.747394
1  2022-11-14   7.452419  154 days    0.5  1.6078  -0.230128
2  2022-11-17   7.438540  151 days    0.5  1.6108  -0.415942
3  2022-11-25   7.646946  143 days    0.5  1.5669   2.374114
4  2022-11-28   7.687668  140 days    0.5  1.5586   2.919287
5  2022-12-01   7.426092  137 days    0.5  1.6135  -0.582584
6  2022-12-05   7.451956  133 days    0.5  1.6079  -0.236333
7  2022-12-09   7.279023  129 days    0.5  1.6461  -2.551485
8  2022-12-14   7.472870  124 days    0.5  1.6034   0.043657
9  2022-12-19   7.504697  119 days    0.5  1.5966   0.469748
10 2022-12-23   7.710921  115 days    0.5  1.5539   3.230581
11 2022-12-26   7.557714  112 days    0.5  1.5854   1.179513
12 2022-12-29   7.504227  109 days    0.5  1.5967   0.463456
13 2022-12-30   7.522129  108 days    0.5  1.5929   0.703120
14 2023-01-13   7.052384   94 days    0.5  1.6990  -5.585639
15 2023-01-30   6.735245   77 days    0.5  1.7790  -9.831366
16 2023-02-10   6.968305   66 days    0.5  1.7195  -6.711253
17 2023-02-14   6.933225   62 days    0.5  1.7282  -7.180882
18 2023-02-15   6.998014   61 days    0.5  1.7122  -6.313515
19 2023-02-16   7.081560   60 days    0.5  1.6920  -5.195035
20 2023-02-17   7.265341   59 days    0.5  1.6492  -2.734659
21 2023-02-21   7.218072   55 days    0.5  1.6600  -3.367470
22 2023-02-22   7.283891   54 days    0.5  1.6450  -2.486322
23 2023-02-27   7.410477   49 days    0.5  1.6169  -0.791638
24 2023-03-01  17.081933   47 days    0.5  1.6367  -1.991813
25 2023-03-22  65.951969   26 days    0.5  1.5594   2.866487
26 2023-04-17   7.469609    0 days    1.5  1.6041   0.000000
