投资总金额：387.00元
股份数：352.71份
当前每股单价：1.01元/份
卖出收益(扣税后)：0.00
基金价值：358.00元
收益率(卖出收益+基金价值/投资总金额,部分扣税)：-7.49%
池子:
         date      stock day_delta  fee/%  value  improve/%
0  2023-01-05  11.036464   99 days    0.5  1.086  -6.537753
1  2023-01-06  10.856522   98 days    0.5  1.104  -8.061594
2  2023-01-09  10.788119   95 days    0.5  1.111  -8.640864
3  2023-01-11  10.817329   93 days    0.5  1.108  -8.393502
4  2023-01-13  10.578641   91 days    0.5  1.133 -10.414828
5  2023-01-16  10.587986   88 days    0.5  1.132 -10.335689
6  2023-01-18  10.532162   86 days    0.5  1.138 -10.808436
7  2023-01-30  10.088889   74 days    0.5  1.188 -14.562290
8  2023-02-01   9.905455   72 days    0.5  1.210 -16.115702
9  2023-02-08  10.252866   65 days    0.5  1.169 -13.173653
10 2023-02-10  17.235548   63 days    0.5  1.159 -12.424504
11 2023-02-13  10.296907   60 days    0.5  1.164 -12.800687
12 2023-02-14  10.332414   59 days    0.5  1.160 -12.500000
13 2023-02-15  10.413206   58 days    0.5  1.151 -11.815812
14 2023-02-16  10.587986   57 days    0.5  1.132 -10.335689
15 2023-02-17  10.807574   56 days    0.5  1.109  -8.476105
16 2023-02-21  10.768733   52 days    0.5  1.113  -8.805031
17 2023-02-22  10.886104   51 days    0.5  1.101  -7.811081
18 2023-02-27  11.046636   46 days    0.5  1.085  -6.451613
19 2023-02-28  10.995963   45 days    0.5  1.090  -6.880734
20 2023-03-06  11.087512   39 days    0.5  1.081  -6.105458
21 2023-03-07  11.264662   38 days    0.5  1.064  -4.605263
22 2023-03-22  99.783123   23 days    0.5  1.031  -1.551891
23 2023-04-04  11.762120   10 days    0.5  1.019  -0.392542
按低值出售的池子:
         date      stock day_delta  fee/%  value  improve/%
0  2023-01-05  11.036464   99 days    0.5  1.086  -6.537753
1  2023-01-06  10.856522   98 days    0.5  1.104  -8.061594
2  2023-01-09  10.788119   95 days    0.5  1.111  -8.640864
3  2023-01-11  10.817329   93 days    0.5  1.108  -8.393502
4  2023-01-13  10.578641   91 days    0.5  1.133 -10.414828
5  2023-01-16  10.587986   88 days    0.5  1.132 -10.335689
6  2023-01-18  10.532162   86 days    0.5  1.138 -10.808436
7  2023-01-30  10.088889   74 days    0.5  1.188 -14.562290
8  2023-02-01   9.905455   72 days    0.5  1.210 -16.115702
9  2023-02-08  10.252866   65 days    0.5  1.169 -13.173653
10 2023-02-10  17.235548   63 days    0.5  1.159 -12.424504
11 2023-02-13  10.296907   60 days    0.5  1.164 -12.800687
12 2023-02-14  10.332414   59 days    0.5  1.160 -12.500000
13 2023-02-15  10.413206   58 days    0.5  1.151 -11.815812
14 2023-02-16  10.587986   57 days    0.5  1.132 -10.335689
15 2023-02-17  10.807574   56 days    0.5  1.109  -8.476105
16 2023-02-21  10.768733   52 days    0.5  1.113  -8.805031
17 2023-02-22  10.886104   51 days    0.5  1.101  -7.811081
18 2023-02-27  11.046636   46 days    0.5  1.085  -6.451613
19 2023-02-28  10.995963   45 days    0.5  1.090  -6.880734
20 2023-03-06  11.087512   39 days    0.5  1.081  -6.105458
21 2023-03-07  11.264662   38 days    0.5  1.064  -4.605263
22 2023-03-22  99.783123   23 days    0.5  1.031  -1.551891
23 2023-04-04  11.762120   10 days    0.5  1.019  -0.392542
