投资总金额：742.00元
股份数：1146.13份
当前每股单价：0.62元/份
卖出收益(扣税后)：55.81
基金价值：714.38元
收益率(卖出收益+基金价值/投资总金额,部分扣税)：3.80%
池子:
         date       stock day_delta  fee/%   value  improve/%
0  2022-11-21    1.880868  144 days    0.5  0.6004   3.814124
1  2022-11-22   27.318741  143 days    0.5  0.5848   6.583447
2  2022-11-23   27.842454  142 days    0.5  0.5738   8.626699
3  2022-11-28   28.416933  137 days    0.5  0.5622  10.868018
4  2022-12-01   27.431319  134 days    0.5  0.5824   7.022665
5  2022-12-02   27.668860  133 days    0.5  0.5774   7.949428
6  2022-12-09   94.277525  126 days    0.5  0.5931   5.091890
7  2022-12-19   27.866736  116 days    0.5  0.5733   8.721437
8  2023-01-06   24.943013   98 days    0.5  0.6405  -2.685402
9  2023-01-13   23.452730   91 days    0.5  0.6812  -8.499706
10 2023-01-16   22.822857   88 days    0.5  0.7000 -10.957143
11 2023-02-01   23.463064   72 days    0.5  0.6809  -8.459392
12 2023-02-08   24.078372   65 days    0.5  0.6635  -6.058779
13 2023-02-10   24.191399   63 days    0.5  0.6604  -5.617807
14 2023-02-13   23.987988   60 days    0.5  0.6660  -6.411411
15 2023-02-14   24.063865   59 days    0.5  0.6639  -6.115379
16 2023-02-15   44.582756   58 days    0.5  0.6495  -4.033872
17 2023-02-16   45.350822   57 days    0.5  0.6385  -2.380579
18 2023-02-17   25.099764   56 days    0.5  0.6365  -2.073841
19 2023-02-21   25.072191   52 days    0.5  0.6372  -2.181419
20 2023-02-27   25.842769   46 days    0.5  0.6182   0.824976
21 2023-02-28   25.533003   45 days    0.5  0.6257  -0.383570
22 2023-03-06   25.647777   39 days    0.5  0.6229   0.064216
23 2023-03-07   26.074751   38 days    0.5  0.6127   1.730047
24 2023-03-07   26.074751   38 days    0.5  0.6127   1.730047
25 2023-03-22   26.805369   23 days    0.5  0.5960   4.580537
26 2023-03-27   61.049592   18 days    0.5  0.5888   5.859375
27 2023-04-03  237.821366   11 days    0.5  0.5710   9.159370
28 2023-04-04   97.465574   10 days    0.5  0.5737   8.645634
按低值出售的池子:
         date       stock day_delta  fee/%   value  improve/%
0  2022-10-18   26.773923  178 days    0.5  0.5967   4.457852
1  2022-11-21   26.608927  144 days    0.5  0.6004   3.814124
2  2022-11-22   27.318741  143 days    0.5  0.5848   6.583447
3  2022-11-23   27.842454  142 days    0.5  0.5738   8.626699
4  2022-12-01   27.431319  134 days    0.5  0.5824   7.022665
5  2022-12-02   27.668860  133 days    0.5  0.5774   7.949428
6  2022-12-09   94.277525  126 days    0.5  0.5931   5.091890
7  2022-12-19    4.781687  116 days    0.5  0.5733   8.721437
8  2023-01-06   24.943013   98 days    0.5  0.6405  -2.685402
9  2023-01-13   23.452730   91 days    0.5  0.6812  -8.499706
10 2023-01-16   22.822857   88 days    0.5  0.7000 -10.957143
11 2023-02-01   23.463064   72 days    0.5  0.6809  -8.459392
12 2023-02-08   24.078372   65 days    0.5  0.6635  -6.058779
13 2023-02-10   24.191399   63 days    0.5  0.6604  -5.617807
14 2023-02-13   23.987988   60 days    0.5  0.6660  -6.411411
15 2023-02-14   24.063865   59 days    0.5  0.6639  -6.115379
16 2023-02-15   44.582756   58 days    0.5  0.6495  -4.033872
17 2023-02-16   45.350822   57 days    0.5  0.6385  -2.380579
18 2023-02-17   25.099764   56 days    0.5  0.6365  -2.073841
19 2023-02-21   25.072191   52 days    0.5  0.6372  -2.181419
20 2023-02-27   25.842769   46 days    0.5  0.6182   0.824976
21 2023-02-28   25.533003   45 days    0.5  0.6257  -0.383570
22 2023-03-06   25.647777   39 days    0.5  0.6229   0.064216
23 2023-03-07   26.074751   38 days    0.5  0.6127   1.730047
24 2023-03-07   26.074751   38 days    0.5  0.6127   1.730047
25 2023-03-22   26.805369   23 days    0.5  0.5960   4.580537
26 2023-03-27   61.049592   18 days    0.5  0.5888   5.859375
27 2023-04-03  237.821366   11 days    0.5  0.5710   9.159370
28 2023-04-04   97.465574   10 days    0.5  0.5737   8.645634
