投资总金额：352.00元
股份数：261.69份
当前每股单价：1.41元/份
卖出收益(扣税后)：0.00
基金价值：368.99元
收益率(卖出收益+基金价值/投资总金额,部分扣税)：4.83%
池子:
         date      stock day_delta  fee/%  value  improve/%
0  2022-11-11  12.112206   97 days    0.5  1.319   6.899166
1  2022-11-21  11.585207   87 days    0.5  1.379   2.248006
2  2022-11-23  11.807834   85 days    0.5  1.353   4.212860
3  2022-11-24  11.931292   84 days    0.5  1.339   5.302465
4  2022-11-25  11.993994   83 days    0.5  1.332   5.855856
5  2022-11-29  11.940209   79 days    0.5  1.338   5.381166
6  2022-12-02  11.878067   76 days    0.5  1.345   4.832714
7  2022-12-05  11.878067   73 days    0.5  1.345   4.832714
8  2022-12-14  11.773029   64 days    0.5  1.357   3.905674
9  2022-12-19  12.158295   59 days    0.5  1.314   7.305936
10 2022-12-21  12.298691   57 days    0.5  1.299   8.545035
11 2022-12-23  12.801282   55 days    0.5  1.248  12.980769
12 2023-01-09  12.374903   38 days    0.5  1.291   9.217661
13 2023-01-11  12.327160   36 days    0.5  1.296   8.796296
14 2023-01-13  12.308166   34 days    0.5  1.298   8.628659
15 2023-01-18  11.712610   29 days    0.5  1.364   3.372434
16 2023-01-30  11.322466   17 days    0.5  1.411  -0.070872
17 2023-02-01  11.526696   15 days    0.5  1.386   1.731602
18 2023-02-08  11.669832    8 days    0.5  1.369   2.994887
19 2023-02-10  11.419585    6 days    1.5  1.399   0.786276
20 2023-02-13  11.403283    3 days    1.5  1.401   0.642398
21 2023-02-14  11.468772    2 days    1.5  1.393   1.220388
按低值出售的池子:
         date      stock day_delta  fee/%  value  improve/%
0  2022-11-11  12.112206   97 days    0.5  1.319   6.899166
1  2022-11-21  11.585207   87 days    0.5  1.379   2.248006
2  2022-11-23  11.807834   85 days    0.5  1.353   4.212860
3  2022-11-24  11.931292   84 days    0.5  1.339   5.302465
4  2022-11-25  11.993994   83 days    0.5  1.332   5.855856
5  2022-11-29  11.940209   79 days    0.5  1.338   5.381166
6  2022-12-02  11.878067   76 days    0.5  1.345   4.832714
7  2022-12-05  11.878067   73 days    0.5  1.345   4.832714
8  2022-12-14  11.773029   64 days    0.5  1.357   3.905674
9  2022-12-19  12.158295   59 days    0.5  1.314   7.305936
10 2022-12-21  12.298691   57 days    0.5  1.299   8.545035
11 2022-12-23  12.801282   55 days    0.5  1.248  12.980769
12 2023-01-09  12.374903   38 days    0.5  1.291   9.217661
13 2023-01-11  12.327160   36 days    0.5  1.296   8.796296
14 2023-01-13  12.308166   34 days    0.5  1.298   8.628659
15 2023-01-18  11.712610   29 days    0.5  1.364   3.372434
16 2023-01-30  11.322466   17 days    0.5  1.411  -0.070872
17 2023-02-01  11.526696   15 days    0.5  1.386   1.731602
18 2023-02-08  11.669832    8 days    0.5  1.369   2.994887
19 2023-02-10  11.419585    6 days    1.5  1.399   0.786276
20 2023-02-13  11.403283    3 days    1.5  1.401   0.642398
21 2023-02-14  11.468772    2 days    1.5  1.393   1.220388
