投资总金额：480.00元
股份数：652.47份
当前每股单价：0.72元/份
卖出收益(扣税后)：0.00
基金价值：471.48元
收益率(卖出收益+基金价值/投资总金额,部分扣税)：-1.78%
池子:
         date      stock day_delta  fee/%   value  improve/%
0  2022-10-14  23.962802  728 days   0.25  0.6667   8.384581
1  2022-11-15  22.542684  696 days   0.25  0.7087   1.961338
2  2022-11-18  22.855508  693 days   0.25  0.6990   3.376252
3  2022-11-22  23.319223  689 days   0.25  0.6851   5.473653
4  2022-12-01  22.568159  680 days   0.25  0.7079   2.076564
5  2022-12-09  21.706522  672 days   0.25  0.7360  -1.820652
6  2022-12-19  22.266202  662 days   0.25  0.7175   0.710801
7  2022-12-21  22.677076  660 days   0.25  0.7045   2.569198
8  2022-12-29  21.936015  652 days   0.25  0.7283  -0.782645
9  2022-12-30  22.026748  651 days   0.25  0.7253  -0.372260
10 2023-01-06  21.029354  644 days   0.25  0.7597  -4.883507
11 2023-01-09  20.963128  641 days   0.25  0.7621  -5.183047
12 2023-01-11  21.140664  639 days   0.25  0.7557  -4.380045
13 2023-01-13  21.115517  637 days   0.25  0.7566  -4.493788
14 2023-01-16  21.062624  634 days   0.25  0.7585  -4.733026
15 2023-01-18  20.965879  632 days   0.25  0.7620  -5.170604
16 2023-01-20  20.643494  630 days   0.25  0.7739  -6.628763
17 2023-01-30  20.691620  620 days   0.25  0.7721  -6.411087
18 2023-02-01  20.627502  618 days   0.25  0.7745  -6.701097
19 2023-02-08  21.270137  611 days   0.25  0.7511  -3.794435
20 2023-02-10  21.332621  609 days   0.25  0.7489  -3.511817
21 2023-02-14  21.157463  605 days   0.25  0.7551  -4.304066
22 2023-02-15  21.349726  604 days   0.25  0.7483  -3.434451
23 2023-02-17  21.860974  602 days   0.25  0.7308  -1.122058
24 2023-02-21  21.574612  598 days   0.25  0.7405  -2.417286
25 2023-02-22  21.736054  597 days   0.25  0.7350  -1.687075
26 2023-02-22  21.736054  597 days   0.25  0.7350  -1.687075
27 2023-02-27  22.090708  592 days   0.25  0.7232  -0.082965
28 2023-02-28  22.127424  591 days   0.25  0.7220   0.083102
29 2023-03-07  22.136622  584 days   0.25  0.7217   0.124706
按低值出售的池子:
         date      stock day_delta  fee/%   value  improve/%
0  2022-10-14  23.962802  728 days   0.25  0.6667   8.384581
1  2022-11-15  22.542684  696 days   0.25  0.7087   1.961338
2  2022-11-18  22.855508  693 days   0.25  0.6990   3.376252
3  2022-11-22  23.319223  689 days   0.25  0.6851   5.473653
4  2022-12-01  22.568159  680 days   0.25  0.7079   2.076564
5  2022-12-09  21.706522  672 days   0.25  0.7360  -1.820652
6  2022-12-19  22.266202  662 days   0.25  0.7175   0.710801
7  2022-12-21  22.677076  660 days   0.25  0.7045   2.569198
8  2022-12-29  21.936015  652 days   0.25  0.7283  -0.782645
9  2022-12-30  22.026748  651 days   0.25  0.7253  -0.372260
10 2023-01-06  21.029354  644 days   0.25  0.7597  -4.883507
11 2023-01-09  20.963128  641 days   0.25  0.7621  -5.183047
12 2023-01-11  21.140664  639 days   0.25  0.7557  -4.380045
13 2023-01-13  21.115517  637 days   0.25  0.7566  -4.493788
14 2023-01-16  21.062624  634 days   0.25  0.7585  -4.733026
15 2023-01-18  20.965879  632 days   0.25  0.7620  -5.170604
16 2023-01-20  20.643494  630 days   0.25  0.7739  -6.628763
17 2023-01-30  20.691620  620 days   0.25  0.7721  -6.411087
18 2023-02-01  20.627502  618 days   0.25  0.7745  -6.701097
19 2023-02-08  21.270137  611 days   0.25  0.7511  -3.794435
20 2023-02-10  21.332621  609 days   0.25  0.7489  -3.511817
21 2023-02-14  21.157463  605 days   0.25  0.7551  -4.304066
22 2023-02-15  21.349726  604 days   0.25  0.7483  -3.434451
23 2023-02-17  21.860974  602 days   0.25  0.7308  -1.122058
24 2023-02-21  21.574612  598 days   0.25  0.7405  -2.417286
25 2023-02-22  21.736054  597 days   0.25  0.7350  -1.687075
26 2023-02-22  21.736054  597 days   0.25  0.7350  -1.687075
27 2023-02-27  22.090708  592 days   0.25  0.7232  -0.082965
28 2023-02-28  22.127424  591 days   0.25  0.7220   0.083102
29 2023-03-07  22.136622  584 days   0.25  0.7217   0.124706
