投资总金额：690.00元
股份数：437.46份
当前每股单价：1.50元/份
卖出收益(扣税后)：0.00
基金价值：654.30元
收益率(卖出收益+基金价值/投资总金额,部分扣税)：-5.17%
池子:
         date      stock day_delta  fee/%   value  improve/%
0  2022-11-10   7.525437  701 days   0.25  1.5922  -6.060796
1  2022-11-14   7.452419  697 days   0.25  1.6078  -6.972260
2  2022-11-17   7.438540  694 days   0.25  1.6108  -7.145518
3  2022-11-25   7.646946  686 days   0.25  1.5669  -4.544004
4  2022-11-28   7.687668  683 days   0.25  1.5586  -4.035673
5  2022-12-01   7.426092  680 days   0.25  1.6135  -7.300899
6  2022-12-05   7.451956  676 days   0.25  1.6079  -6.978046
7  2022-12-09   7.279023  672 days   0.25  1.6461  -9.136747
8  2022-12-14   7.472870  667 days   0.25  1.6034  -6.716976
9  2022-12-19   7.504697  662 days   0.25  1.5966  -6.319679
10 2022-12-23   7.710921  658 days   0.25  1.5539  -3.745415
11 2022-12-26   7.557714  655 days   0.25  1.5854  -5.657878
12 2022-12-29   7.504227  652 days   0.25  1.5967  -6.325546
13 2022-12-30   7.522129  651 days   0.25  1.5929  -6.102078
14 2023-01-13   7.052384  637 days   0.25  1.6990 -11.965862
15 2023-01-30   6.735245  620 days   0.25  1.7790 -15.924677
16 2023-02-10   6.968305  609 days   0.25  1.7195 -13.015411
17 2023-02-14   6.933225  605 days   0.25  1.7282 -13.453304
18 2023-02-15   6.998014  604 days   0.25  1.7122 -12.644551
19 2023-02-16   7.081560  603 days   0.25  1.6920 -11.601655
20 2023-02-17   7.265341  602 days   0.25  1.6492  -9.307543
21 2023-02-21   7.218072  598 days   0.25  1.6600  -9.897590
22 2023-02-22   7.283891  597 days   0.25  1.6450  -9.075988
23 2023-02-27   7.410477  592 days   0.25  1.6169  -7.495825
24 2023-03-01  17.081933  590 days   0.25  1.6367  -8.614896
25 2023-03-22  65.951969  569 days   0.25  1.5594  -4.084904
26 2023-04-17   7.469609  543 days   0.25  1.6041  -6.757683
27 2023-04-19   7.542965  541 days   0.25  1.5885  -5.841989
28 2023-04-28  24.283226  532 days   0.25  1.5214  -1.689234
29 2023-05-04  63.074340  526 days   0.25  1.5039  -0.545249
30 2023-05-11  62.690833  519 days   0.25  1.5131  -1.149957
31 2023-05-22  13.233053  508 days   0.25  1.5091  -0.887946
按低值出售的池子:
         date      stock day_delta  fee/%   value  improve/%
0  2022-11-10   7.525437  701 days   0.25  1.5922  -6.060796
1  2022-11-14   7.452419  697 days   0.25  1.6078  -6.972260
2  2022-11-17   7.438540  694 days   0.25  1.6108  -7.145518
3  2022-11-25   7.646946  686 days   0.25  1.5669  -4.544004
4  2022-11-28   7.687668  683 days   0.25  1.5586  -4.035673
5  2022-12-01   7.426092  680 days   0.25  1.6135  -7.300899
6  2022-12-05   7.451956  676 days   0.25  1.6079  -6.978046
7  2022-12-09   7.279023  672 days   0.25  1.6461  -9.136747
8  2022-12-14   7.472870  667 days   0.25  1.6034  -6.716976
9  2022-12-19   7.504697  662 days   0.25  1.5966  -6.319679
10 2022-12-23   7.710921  658 days   0.25  1.5539  -3.745415
11 2022-12-26   7.557714  655 days   0.25  1.5854  -5.657878
12 2022-12-29   7.504227  652 days   0.25  1.5967  -6.325546
13 2022-12-30   7.522129  651 days   0.25  1.5929  -6.102078
14 2023-01-13   7.052384  637 days   0.25  1.6990 -11.965862
15 2023-01-30   6.735245  620 days   0.25  1.7790 -15.924677
16 2023-02-10   6.968305  609 days   0.25  1.7195 -13.015411
17 2023-02-14   6.933225  605 days   0.25  1.7282 -13.453304
18 2023-02-15   6.998014  604 days   0.25  1.7122 -12.644551
19 2023-02-16   7.081560  603 days   0.25  1.6920 -11.601655
20 2023-02-17   7.265341  602 days   0.25  1.6492  -9.307543
21 2023-02-21   7.218072  598 days   0.25  1.6600  -9.897590
22 2023-02-22   7.283891  597 days   0.25  1.6450  -9.075988
23 2023-02-27   7.410477  592 days   0.25  1.6169  -7.495825
24 2023-03-01  17.081933  590 days   0.25  1.6367  -8.614896
25 2023-03-22  65.951969  569 days   0.25  1.5594  -4.084904
26 2023-04-17   7.469609  543 days   0.25  1.6041  -6.757683
27 2023-04-19   7.542965  541 days   0.25  1.5885  -5.841989
28 2023-04-28  24.283226  532 days   0.25  1.5214  -1.689234
29 2023-05-04  63.074340  526 days   0.25  1.5039  -0.545249
30 2023-05-11  62.690833  519 days   0.25  1.5131  -1.149957
31 2023-05-22  13.233053  508 days   0.25  1.5091  -0.887946
