投资总金额：467.00元
股份数：429.83份
当前每股单价：0.79元/份
卖出收益(扣税后)：0.00
基金价值：338.71元
收益率(卖出收益+基金价值/投资总金额,部分扣税)：-27.47%
池子:
         date      stock day_delta  fee/%  value  improve/%
0  2023-01-05  11.036464  645 days   0.25  1.086 -27.440147
1  2023-01-06  10.856522  644 days   0.25  1.104 -28.623188
2  2023-01-09  10.788119  641 days   0.25  1.111 -29.072907
3  2023-01-11  10.817329  639 days   0.25  1.108 -28.880866
4  2023-01-13  10.578641  637 days   0.25  1.133 -30.450132
5  2023-01-16  10.587986  634 days   0.25  1.132 -30.388693
6  2023-01-18  10.532162  632 days   0.25  1.138 -30.755712
7  2023-01-30  10.088889  620 days   0.25  1.188 -33.670034
8  2023-02-01   9.905455  618 days   0.25  1.210 -34.876033
9  2023-02-08  10.252866  611 days   0.25  1.169 -32.591959
10 2023-02-10  17.235548  609 days   0.25  1.159 -32.010354
11 2023-02-13  10.296907  606 days   0.25  1.164 -32.302405
12 2023-02-14  10.332414  605 days   0.25  1.160 -32.068966
13 2023-02-15  10.413206  604 days   0.25  1.151 -31.537793
14 2023-02-16  10.587986  603 days   0.25  1.132 -30.388693
15 2023-02-17  10.807574  602 days   0.25  1.109 -28.944995
16 2023-02-21  10.768733  598 days   0.25  1.113 -29.200359
17 2023-02-22  10.886104  597 days   0.25  1.101 -28.428701
18 2023-02-27  11.046636  592 days   0.25  1.085 -27.373272
19 2023-02-28  10.995963  591 days   0.25  1.090 -27.706422
20 2023-03-06  11.087512  585 days   0.25  1.081 -27.104533
21 2023-03-07  11.264662  584 days   0.25  1.064 -25.939850
22 2023-03-22  99.783123  569 days   0.25  1.031 -23.569350
23 2023-04-04  11.762120  556 days   0.25  1.019 -22.669284
24 2023-04-17  26.736520  543 days   0.25  1.046 -24.665392
25 2023-04-18  26.736520  542 days   0.25  1.046 -24.665392
26 2023-04-19  11.513545  541 days   0.25  1.041 -24.303554
27 2023-04-24  12.131174  536 days   0.25  0.988 -20.242915
按低值出售的池子:
         date      stock day_delta  fee/%  value  improve/%
0  2023-01-05  11.036464  645 days   0.25  1.086 -27.440147
1  2023-01-06  10.856522  644 days   0.25  1.104 -28.623188
2  2023-01-09  10.788119  641 days   0.25  1.111 -29.072907
3  2023-01-11  10.817329  639 days   0.25  1.108 -28.880866
4  2023-01-13  10.578641  637 days   0.25  1.133 -30.450132
5  2023-01-16  10.587986  634 days   0.25  1.132 -30.388693
6  2023-01-18  10.532162  632 days   0.25  1.138 -30.755712
7  2023-01-30  10.088889  620 days   0.25  1.188 -33.670034
8  2023-02-01   9.905455  618 days   0.25  1.210 -34.876033
9  2023-02-08  10.252866  611 days   0.25  1.169 -32.591959
10 2023-02-10  17.235548  609 days   0.25  1.159 -32.010354
11 2023-02-13  10.296907  606 days   0.25  1.164 -32.302405
12 2023-02-14  10.332414  605 days   0.25  1.160 -32.068966
13 2023-02-15  10.413206  604 days   0.25  1.151 -31.537793
14 2023-02-16  10.587986  603 days   0.25  1.132 -30.388693
15 2023-02-17  10.807574  602 days   0.25  1.109 -28.944995
16 2023-02-21  10.768733  598 days   0.25  1.113 -29.200359
17 2023-02-22  10.886104  597 days   0.25  1.101 -28.428701
18 2023-02-27  11.046636  592 days   0.25  1.085 -27.373272
19 2023-02-28  10.995963  591 days   0.25  1.090 -27.706422
20 2023-03-06  11.087512  585 days   0.25  1.081 -27.104533
21 2023-03-07  11.264662  584 days   0.25  1.064 -25.939850
22 2023-03-22  99.783123  569 days   0.25  1.031 -23.569350
23 2023-04-04  11.762120  556 days   0.25  1.019 -22.669284
24 2023-04-17  26.736520  543 days   0.25  1.046 -24.665392
25 2023-04-18  26.736520  542 days   0.25  1.046 -24.665392
26 2023-04-19  11.513545  541 days   0.25  1.041 -24.303554
27 2023-04-24  12.131174  536 days   0.25  0.988 -20.242915
