投资总金额：842.00元
股份数：1311.56份
当前每股单价：0.47元/份
卖出收益(扣税后)：55.81
基金价值：617.75元
收益率(卖出收益+基金价值/投资总金额,部分扣税)：-20.00%
池子:
         date       stock day_delta  fee/%   value  improve/%
0  2022-11-21    1.880868  690 days   0.25  0.6004 -21.552298
1  2022-11-22   27.318741  689 days   0.25  0.5848 -19.459644
2  2022-11-23   27.842454  688 days   0.25  0.5738 -17.915650
3  2022-11-28   28.416933  683 days   0.25  0.5622 -16.221985
4  2022-12-01   27.431319  680 days   0.25  0.5824 -19.127747
5  2022-12-02   27.668860  679 days   0.25  0.5774 -18.427433
6  2022-12-09   94.277525  672 days   0.25  0.5931 -20.586748
7  2022-12-19   27.866736  662 days   0.25  0.5733 -17.844061
8  2023-01-06   24.943013  644 days   0.25  0.6405 -26.463700
9  2023-01-13   23.452730  637 days   0.25  0.6812 -30.857311
10 2023-01-16   22.822857  634 days   0.25  0.7000 -32.714286
11 2023-02-01   23.463064  618 days   0.25  0.6809 -30.826847
12 2023-02-08   24.078372  611 days   0.25  0.6635 -29.012811
13 2023-02-10   24.191399  609 days   0.25  0.6604 -28.679588
14 2023-02-13   23.987988  606 days   0.25  0.6660 -29.279279
15 2023-02-14   24.063865  605 days   0.25  0.6639 -29.055581
16 2023-02-15   44.582756  604 days   0.25  0.6495 -27.482679
17 2023-02-16   45.350822  603 days   0.25  0.6385 -26.233359
18 2023-02-17   25.099764  602 days   0.25  0.6365 -26.001571
19 2023-02-21   25.072191  598 days   0.25  0.6372 -26.082863
20 2023-02-27   25.842769  592 days   0.25  0.6182 -23.811064
21 2023-02-28   25.533003  591 days   0.25  0.6257 -24.724309
22 2023-03-06   25.647777  585 days   0.25  0.6229 -24.385937
23 2023-03-07   26.074751  584 days   0.25  0.6127 -23.127142
24 2023-03-07   26.074751  584 days   0.25  0.6127 -23.127142
25 2023-03-22   26.805369  569 days   0.25  0.5960 -20.973154
26 2023-03-27   61.049592  564 days   0.25  0.5888 -20.006793
27 2023-04-03  237.821366  557 days   0.25  0.5710 -17.513135
28 2023-04-04   97.465574  556 days   0.25  0.5737 -17.901342
29 2023-04-17   36.916091  543 days   0.25  0.6221 -24.288700
30 2023-04-18   25.922440  542 days   0.25  0.6163 -23.576180
31 2023-04-19   26.237477  541 days   0.25  0.6089 -22.647397
32 2023-04-21   48.995770  539 days   0.25  0.5910 -20.304569
33 2023-04-28   27.365536  532 days   0.25  0.5838 -19.321686
按低值出售的池子:
         date       stock day_delta  fee/%   value  improve/%
0  2022-10-18   26.773923  724 days   0.25  0.5967 -21.065862
1  2022-11-21   26.608927  690 days   0.25  0.6004 -21.552298
2  2022-11-22   27.318741  689 days   0.25  0.5848 -19.459644
3  2022-11-23   27.842454  688 days   0.25  0.5738 -17.915650
4  2022-12-01   27.431319  680 days   0.25  0.5824 -19.127747
5  2022-12-02   27.668860  679 days   0.25  0.5774 -18.427433
6  2022-12-09   94.277525  672 days   0.25  0.5931 -20.586748
7  2022-12-19    4.781687  662 days   0.25  0.5733 -17.844061
8  2023-01-06   24.943013  644 days   0.25  0.6405 -26.463700
9  2023-01-13   23.452730  637 days   0.25  0.6812 -30.857311
10 2023-01-16   22.822857  634 days   0.25  0.7000 -32.714286
11 2023-02-01   23.463064  618 days   0.25  0.6809 -30.826847
12 2023-02-08   24.078372  611 days   0.25  0.6635 -29.012811
13 2023-02-10   24.191399  609 days   0.25  0.6604 -28.679588
14 2023-02-13   23.987988  606 days   0.25  0.6660 -29.279279
15 2023-02-14   24.063865  605 days   0.25  0.6639 -29.055581
16 2023-02-15   44.582756  604 days   0.25  0.6495 -27.482679
17 2023-02-16   45.350822  603 days   0.25  0.6385 -26.233359
18 2023-02-17   25.099764  602 days   0.25  0.6365 -26.001571
19 2023-02-21   25.072191  598 days   0.25  0.6372 -26.082863
20 2023-02-27   25.842769  592 days   0.25  0.6182 -23.811064
21 2023-02-28   25.533003  591 days   0.25  0.6257 -24.724309
22 2023-03-06   25.647777  585 days   0.25  0.6229 -24.385937
23 2023-03-07   26.074751  584 days   0.25  0.6127 -23.127142
24 2023-03-07   26.074751  584 days   0.25  0.6127 -23.127142
25 2023-03-22   26.805369  569 days   0.25  0.5960 -20.973154
26 2023-03-27   61.049592  564 days   0.25  0.5888 -20.006793
27 2023-04-03  237.821366  557 days   0.25  0.5710 -17.513135
28 2023-04-04   97.465574  556 days   0.25  0.5737 -17.901342
29 2023-04-17   36.916091  543 days   0.25  0.6221 -24.288700
30 2023-04-18   25.922440  542 days   0.25  0.6163 -23.576180
31 2023-04-19   26.237477  541 days   0.25  0.6089 -22.647397
32 2023-04-21   48.995770  539 days   0.25  0.5910 -20.304569
33 2023-04-28   27.365536  532 days   0.25  0.5838 -19.321686
